76;141;76;145;75;149;76;153;76;157;77;162;78;167;78;170;81;173;84;173;87;171;90;168;93;165;95;160;97;154;97;148;97;143;76;133;76;132;77;132;78;132;79;134;83;133;85;132;87;132;89;133;91;135;81;139;80;142;79;145;78;148;78;151;78;153;79;154;81;153;82;152;76;140;77;138;79;138;80;140;79;140;77;140;84;140;85;139;87;139;88;140;87;141;85;141;78;159;78;156;79;156;80;157;81;156;83;157;85;159;83;163;81;164;80;165;79;164;78;162;79;159;79;158;80;159;81;159;85;159;81;161;80;161;79;161
76;143;76;146;75;151;76;155;76;159;77;163;78;168;79;172;81;174;84;174;87;173;90;169;93;165;95;161;96;155;96;149;97;143;76;134;76;132;77;132;78;133;79;134;82;134;84;132;86;132;89;134;90;137;81;140;80;143;79;146;78;150;78;153;78;154;79;155;81;154;82;154;76;140;77;139;78;139;79;140;78;141;77;141;84;141;85;140;87;140;88;141;86;142;85;142;78;159;78;158;79;158;80;159;81;158;83;159;85;161;83;164;81;165;80;165;79;165;78;163;78;160;79;159;80;160;81;160;84;161;81;162;80;162;79;162
76;143;75;147;75;151;76;155;76;159;77;163;78;168;79;173;81;174;83;175;87;173;90;170;93;166;95;161;96;155;97;149;97;143;76;134;76;133;76;133;78;134;79;135;82;134;84;133;86;133;89;134;90;137;80;140;80;144;79;148;78;151;77;154;78;155;79;156;81;156;81;155;76;141;77;140;78;140;79;142;78;142;77;142;84;143;85;140;86;141;88;142;86;143;85;143;78;161;78;159;79;159;79;159;81;159;82;160;85;162;83;165;81;167;80;167;79;166;78;164;78;161;79;161;79;161;81;161;84;162;81;164;79;164;79;163
76;144;75;148;75;152;76;156;76;160;77;165;78;169;78;173;80;176;83;176;87;174;90;171;93;167;95;162;96;156;96;150;96;144;75;135;75;134;76;134;77;134;78;136;81;135;84;134;86;134;88;135;90;138;80;141;79;145;79;148;78;152;77;154;78;156;79;157;80;156;81;156;76;141;76;140;78;140;79;142;78;143;76;143;83;143;85;141;86;142;87;143;86;144;85;144;78;162;78;160;79;159;79;160;81;160;82;161;85;163;82;166;81;167;79;167;78;167;78;165;78;162;79;162;79;162;81;162;84;163;81;165;79;165;78;164
76;144;75;148;75;152;75;156;76;160;77;164;77;169;78;173;80;176;83;176;86;174;90;171;93;167;95;162;96;156;96;150;96;143;75;135;75;134;76;134;77;134;78;137;81;136;83;134;85;134;87;136;89;139;79;143;79;145;78;149;77;153;76;155;77;156;78;157;80;157;81;156;76;142;76;140;77;141;79;143;77;143;76;143;83;143;84;142;85;142;87;143;85;144;84;144;77;162;77;160;78;160;79;161;80;160;82;162;84;163;82;167;80;167;79;167;78;167;77;165;78;162;78;162;79;162;80;162;84;163;80;165;79;165;78;164
75;145;74;148;74;153;75;156;76;161;76;165;77;170;78;174;80;176;82;176;86;175;89;172;92;167;94;163;95;156;95;151;95;145;74;137;75;135;76;135;77;136;77;138;81;138;82;137;85;137;87;137;89;140;79;143;78;146;77;150;77;154;76;156;77;157;78;158;79;158;81;157;75;143;76;141;77;141;78;143;77;143;76;143;82;144;84;143;85;143;86;144;85;145;84;145;77;162;77;161;78;161;78;162;80;161;82;162;84;164;82;167;80;168;79;168;78;167;77;165;77;162;78;162;78;163;80;163;83;164;80;165;79;165;78;165
75;144;74;148;74;152;75;156;75;160;76;165;76;170;77;174;79;176;82;176;86;175;89;172;92;168;94;163;95;157;95;151;95;145;74;136;74;135;75;135;76;137;77;138;80;138;82;137;84;137;86;138;88;140;78;143;78;147;77;151;76;154;76;156;76;158;77;159;79;158;80;157;75;142;75;141;76;142;77;143;76;143;75;143;82;145;83;143;85;143;86;145;85;145;83;145;76;162;76;161;77;161;78;162;79;162;81;162;83;164;81;167;79;168;78;168;77;168;77;166;77;163;77;163;78;163;79;163;83;164;79;165;78;165;77;165
75;145;74;149;74;154;74;157;75;162;76;166;76;170;77;175;79;177;82;178;85;176;89;173;92;169;94;164;95;158;95;151;95;145;73;137;74;136;75;136;76;137;76;139;80;139;81;137;84;137;86;138;88;141;78;144;77;148;76;151;76;155;75;157;76;159;77;159;79;159;80;159;75;143;75;142;76;143;77;145;76;145;75;145;81;145;83;143;84;144;85;145;84;146;83;146;76;164;76;162;77;162;78;162;79;162;81;163;83;165;81;168;79;170;78;170;77;169;76;167;77;164;77;164;78;165;79;165;83;165;79;167;78;167;77;166
74;145;73;149;73;154;74;158;75;162;76;166;76;171;77;176;79;178;82;178;85;176;89;173;92;169;94;164;95;158;95;151;95;145;73;137;73;136;74;137;75;137;76;139;79;140;81;137;84;137;86;139;88;141;77;145;77;148;76;152;76;156;75;158;76;159;77;160;78;160;80;159;74;144;75;143;76;143;77;145;76;145;74;145;81;146;82;145;84;145;85;146;84;147;82;147;76;165;76;163;77;163;77;164;78;163;81;164;83;165;81;169;79;170;78;170;77;170;76;167;76;165;77;165;77;165;78;165;82;165;79;167;77;167;77;166
74;145;73;150;73;154;74;158;74;162;75;167;76;171;77;176;79;178;81;178;85;177;88;173;91;170;94;164;94;158;94;151;94;145;72;138;73;137;74;137;75;138;76;140;78;140;81;138;83;138;85;140;87;142;77;145;76;149;76;153;75;157;74;159;75;160;76;161;78;161;80;160;74;144;74;143;75;144;76;145;75;145;74;145;81;147;82;145;83;145;85;147;83;148;82;148;76;165;76;164;76;164;77;165;78;165;81;165;83;166;81;170;79;170;77;170;77;170;76;167;76;165;77;165;77;166;78;166;82;166;78;168;77;167;77;167
73;147;72;151;72;156;73;160;74;164;76;167;76;173;77;177;79;179;81;179;85;178;89;174;92;170;94;165;95;158;94;151;94;145;72;140;72;138;73;138;75;140;76;141;78;141;80;140;83;139;85;140;87;143;77;146;76;151;76;154;75;159;74;160;75;162;76;162;78;162;80;161;73;145;74;144;75;145;76;147;75;147;74;147;81;148;81;146;83;146;85;148;83;148;82;148;76;165;76;165;76;165;77;165;78;165;81;165;83;166;81;170;79;171;77;171;77;170;76;168;76;166;76;167;77;167;78;167;82;167;78;168;77;168;76;167
73;148;72;152;72;156;73;160;75;164;76;167;76;173;77;176;79;179;81;179;85;178;88;174;91;170;94;165;95;159;95;153;94;146;72;140;72;139;73;140;74;141;75;143;78;142;80;140;82;140;85;142;87;144;76;148;76;151;76;156;75;159;74;161;75;162;76;163;78;162;79;162;73;146;74;145;75;145;76;148;75;148;74;147;80;148;81;147;83;147;85;148;83;149;81;149;76;166;76;165;76;165;77;166;78;165;80;166;83;167;81;170;78;171;77;170;76;170;76;168;76;166;76;167;77;167;78;167;82;167;78;168;77;168;76;167
73;149;72;153;72;156;73;161;74;165;75;168;76;173;77;177;79;180;81;180;85;178;89;175;92;170;94;165;95;159;94;152;94;146;72;143;72;141;73;142;74;143;75;144;78;143;80;142;82;141;85;143;87;145;76;148;76;153;76;156;75;160;74;162;75;163;76;164;78;163;79;162;73;148;74;147;75;147;76;148;75;149;74;148;81;149;81;148;83;148;85;148;83;150;81;150;76;166;76;166;76;166;77;167;78;166;81;166;83;167;81;170;79;171;78;171;77;171;76;169;76;167;76;167;77;168;78;168;82;167;78;169;77;169;77;168
73;149;72;153;72;157;73;161;74;165;75;168;76;173;77;177;79;179;81;180;85;178;89;175;92;170;94;165;94;159;94;153;94;147;72;142;72;141;73;142;74;143;75;143;78;143;80;142;82;141;85;143;87;145;76;148;76;152;76;156;75;160;74;161;75;162;76;163;78;163;79;162;73;148;74;147;75;147;76;148;75;149;74;149;81;149;81;148;83;148;85;148;83;150;81;150;76;166;76;165;76;166;77;166;78;166;81;166;83;166;81;170;79;171;78;171;77;170;76;169;76;167;76;167;77;167;78;167;82;167;78;169;77;169;77;168
73;149;73;153;73;156;74;161;75;165;76;168;76;173;77;177;79;179;81;179;85;178;88;174;91;170;94;165;94;159;94;153;94;146;72;142;72;141;73;141;74;142;75;143;78;143;80;141;82;140;85;142;87;144;76;148;76;152;76;156;75;160;74;161;75;162;76;163;78;163;79;162;73;148;74;146;75;147;76;148;75;148;74;148;80;148;81;147;83;147;85;148;83;149;81;149;76;166;76;165;76;165;77;166;78;165;81;165;83;166;81;169;79;170;78;171;77;170;76;169;76;167;76;167;77;167;78;167;82;166;78;168;77;168;77;167
73;146;72;151;72;155;73;159;75;164;76;167;76;172;77;176;79;178;82;178;85;177;89;173;92;170;94;165;95;158;95;151;94;145;72;140;72;139;73;139;74;140;75;142;78;141;80;140;83;140;85;140;87;143;77;147;76;151;76;155;75;159;74;160;75;162;76;162;78;162;79;161;73;145;74;145;75;145;76;146;75;147;74;146;80;148;81;145;83;146;85;147;83;148;81;148;76;165;76;165;76;165;77;165;78;165;81;165;83;165;81;169;79;170;77;170;77;170;76;167;76;165;77;166;77;166;78;166;82;165;78;167;77;167;77;167
73;148;73;152;73;156;74;160;75;164;76;167;76;172;77;176;79;178;82;178;85;176;89;173;92;169;94;165;95;158;94;152;94;146;73;142;73;141;74;141;75;142;76;143;79;143;80;140;83;140;85;140;87;142;77;147;76;151;76;154;76;159;75;159;76;161;77;162;78;161;80;160;74;147;74;146;76;146;76;148;76;148;75;148;81;148;82;145;83;145;85;147;83;148;82;148;76;165;76;164;77;164;77;165;79;164;81;164;84;165;81;167;79;169;78;170;77;169;76;167;76;165;77;165;78;166;79;165;83;165;79;167;78;167;77;167
73;148;73;151;73;155;74;159;75;163;76;167;77;171;78;176;80;178;82;178;86;176;89;173;92;168;94;164;95;157;95;151;94;145;72;139;73;138;74;138;75;139;76;140;79;140;81;138;83;137;85;138;87;140;77;145;77;149;76;153;76;157;75;159;76;160;77;161;79;160;80;159;74;145;74;145;76;145;76;146;76;147;74;147;81;147;82;145;84;145;85;146;84;147;82;147;76;164;76;163;77;163;78;163;79;163;81;163;84;164;81;167;80;169;78;169;77;169;77;167;76;165;77;165;78;165;79;165;83;164;79;167;78;167;77;166
74;147;73;151;73;154;74;159;75;162;76;166;77;171;78;175;80;177;83;177;86;176;89;172;92;168;94;163;95;157;95;151;95;145;73;139;73;137;74;137;76;138;76;140;80;139;81;137;84;137;86;137;88;140;78;145;77;148;77;152;76;156;76;157;76;159;78;159;79;159;80;158;74;145;75;144;76;144;77;145;76;146;75;145;81;145;82;144;84;144;85;145;84;146;83;146;76;163;77;162;77;162;78;162;79;162;81;162;84;163;82;167;80;168;79;168;78;168;77;166;77;163;77;163;78;164;79;163;84;163;80;166;78;166;78;165
