91;146;92;150;92;154;94;157;95;160;98;162;100;164;103;165;105;164;107;163;108;160;109;157;109;153;109;149;108;145;108;142;108;139;94;139;94;137;96;134;98;134;100;134;102;134;103;132;104;132;106;132;106;134;102;138;102;140;103;142;103;143;102;148;103;148;103;148;104;147;104;146;96;142;97;140;98;140;99;140;98;141;97;142;103;138;104;137;105;137;106;138;105;138;104;139;101;156;102;153;103;151;104;151;104;151;105;151;106;154;106;154;105;155;104;156;104;156;103;156;102;155;103;154;104;153;104;153;106;154;105;154;104;154;103;154
91;146;92;150;93;154;94;156;95;159;98;162;100;164;103;165;105;165;107;163;108;160;109;157;109;154;109;149;109;145;108;142;108;139;94;139;95;136;96;134;98;134;100;134;102;134;103;132;104;132;106;132;107;134;102;137;102;140;103;142;103;143;102;148;103;148;103;148;104;147;104;146;96;142;97;140;98;140;99;140;98;141;97;141;103;138;104;137;105;137;106;137;105;138;104;138;101;156;102;153;103;151;104;151;104;151;105;151;106;154;106;154;105;155;104;156;103;156;103;156;102;155;103;154;104;153;104;153;106;154;105;154;104;154;103;154
91;146;91;150;92;154;94;157;95;160;97;162;100;164;103;165;105;165;107;163;108;161;109;157;109;154;109;149;109;145;108;142;108;139;94;139;95;137;96;134;98;134;100;134;102;134;103;132;105;132;106;132;107;134;102;138;102;140;103;142;103;144;102;148;103;148;103;148;104;148;105;147;96;142;97;140;98;140;99;140;98;141;97;142;103;139;104;137;105;137;106;138;105;139;104;139;101;156;102;154;103;152;104;152;104;151;105;152;106;154;106;155;105;155;104;156;104;156;103;156;102;155;103;154;104;154;104;153;106;154;105;154;104;154;103;154
91;146;92;150;92;154;94;157;95;160;97;162;100;164;103;165;105;165;107;163;108;161;109;157;109;153;109;149;109;145;108;142;108;139;94;139;95;136;96;134;98;134;100;134;102;134;103;132;105;132;106;132;107;134;102;137;102;140;103;142;103;144;102;148;103;148;103;148;104;147;105;146;96;142;97;140;98;140;99;140;99;141;97;141;103;138;104;137;105;137;106;138;106;138;105;139;101;156;102;154;103;152;104;152;104;151;105;152;106;154;106;154;105;155;105;156;104;156;103;156;102;155;103;154;104;154;105;153;106;154;105;154;104;154;103;154
91;146;91;150;92;154;94;157;95;160;97;162;100;164;103;165;105;165;107;163;108;161;109;157;109;154;109;149;109;145;108;142;108;139;94;139;94;137;96;134;98;134;100;134;102;134;103;132;105;132;106;132;107;134;102;137;102;140;103;142;103;143;102;148;103;148;103;148;104;147;105;146;96;142;97;140;98;140;99;140;99;141;97;141;103;139;104;137;105;137;106;138;105;139;104;139;101;156;102;153;103;151;104;151;104;151;105;152;106;154;106;154;105;155;105;155;104;156;103;156;102;155;103;154;104;153;105;153;106;154;105;154;104;154;103;154
91;145;92;150;93;154;94;156;95;159;98;162;100;164;103;165;105;165;107;163;108;161;109;157;109;153;109;149;109;145;108;142;108;139;94;139;95;136;96;134;98;134;100;134;102;134;103;132;105;132;106;132;107;134;102;137;102;140;103;142;103;143;102;148;103;148;103;148;104;147;105;146;96;141;97;140;98;140;99;140;99;141;97;141;103;138;104;137;105;137;106;138;105;138;104;139;101;156;102;153;103;151;104;151;104;151;105;151;106;154;106;154;105;155;104;156;104;156;103;156;102;155;103;154;104;153;105;153;106;154;105;154;104;154;103;154
91;146;92;150;93;154;94;157;95;160;98;162;100;164;103;165;105;165;107;163;108;161;109;158;109;154;109;150;109;146;108;143;108;139;94;139;95;136;96;134;98;134;100;134;102;134;103;132;105;132;106;132;107;134;102;138;102;140;103;142;103;144;102;148;103;148;103;148;104;147;105;146;96;142;97;140;98;140;99;140;99;141;97;142;103;139;104;137;105;137;106;138;105;139;104;139;101;156;102;154;103;152;104;152;104;151;105;152;106;154;106;155;105;155;104;156;104;156;103;156;102;155;103;154;104;154;105;153;106;154;105;154;104;154;103;154
91;146;92;150;93;154;94;157;95;161;97;163;100;164;103;165;105;165;107;164;108;161;109;157;109;154;109;150;109;146;109;143;108;139;94;139;94;137;96;134;98;134;100;134;103;134;104;132;105;132;107;132;108;134;102;137;102;140;103;142;103;144;102;148;103;148;103;148;104;148;105;147;96;142;97;140;98;140;99;140;98;141;97;142;104;139;105;137;106;137;107;138;106;139;105;139;101;156;102;154;103;152;104;152;104;151;105;152;106;154;106;155;105;156;105;156;104;156;103;156;102;156;103;154;104;154;105;153;106;154;105;154;104;154;103;154
91;146;92;150;93;154;94;157;95;161;98;163;100;164;103;165;105;165;107;163;108;161;109;157;109;154;109;149;109;145;109;142;108;139;94;140;94;137;96;134;98;134;100;134;103;134;103;132;105;132;107;132;108;134;102;137;103;140;103;142;103;144;102;148;103;148;103;148;104;147;105;146;96;142;97;140;98;140;99;140;99;141;97;142;104;138;105;137;106;137;107;137;106;138;105;139;101;156;103;154;103;152;104;152;105;151;105;152;106;154;106;154;105;155;105;156;104;156;103;156;102;156;103;154;104;154;105;153;106;154;105;154;104;154;103;154
91;146;91;151;92;154;94;158;95;161;97;163;100;164;103;165;105;165;107;163;108;161;109;157;109;154;109;150;109;146;109;143;108;139;94;139;95;137;96;134;99;134;100;134;103;134;104;132;105;132;107;132;108;134;102;137;103;140;103;142;103;144;102;148;103;148;104;148;104;147;105;146;96;142;97;140;98;140;99;140;99;141;98;141;104;138;105;137;106;137;107;138;106;138;105;139;101;156;103;154;103;152;104;152;105;151;106;152;106;154;106;154;105;155;105;155;104;156;103;156;102;156;103;154;104;154;105;153;106;154;105;154;104;154;104;154
91;146;91;151;92;154;94;158;95;161;97;163;100;164;103;165;105;165;107;163;108;161;109;157;109;154;109;150;109;146;109;143;108;139;94;139;95;137;96;134;99;134;100;134;103;134;104;132;105;132;107;132;108;134;102;137;103;140;103;142;103;144;102;148;103;148;104;148;104;147;105;146;96;142;97;140;98;140;99;140;99;141;98;141;104;138;105;137;106;137;107;138;106;138;105;139;101;156;103;154;103;152;104;152;105;151;106;152;106;154;106;154;105;155;105;155;104;156;103;156;102;156;103;154;104;154;105;153;106;154;105;154;104;154;104;154
91;146;91;151;92;154;94;158;95;161;97;163;100;164;103;165;105;165;107;163;108;161;109;157;109;154;109;150;109;146;109;143;108;139;94;139;95;137;96;134;99;134;100;134;103;134;104;132;105;132;107;132;108;134;102;137;103;140;103;142;103;144;102;148;103;148;104;148;104;147;105;146;96;142;97;140;98;140;99;140;99;141;98;141;104;138;105;137;106;137;107;138;106;138;105;139;101;156;103;154;103;152;104;152;105;151;106;152;106;154;106;154;105;155;105;155;104;156;103;156;102;156;103;154;104;154;105;153;106;154;105;154;104;154;104;154
91;146;91;151;92;154;94;158;95;161;97;163;100;164;103;165;105;165;107;163;108;161;109;157;109;154;109;150;109;146;109;143;108;139;94;139;95;137;96;134;99;134;100;134;103;134;104;132;105;132;107;132;108;134;102;137;103;140;103;142;103;144;102;148;103;148;104;148;104;147;105;146;96;142;97;140;98;140;99;140;99;141;98;141;104;138;105;137;106;137;107;138;106;138;105;139;101;156;103;154;103;152;104;152;105;151;106;152;106;154;106;154;105;155;105;155;104;156;103;156;102;156;103;154;104;154;105;153;106;154;105;154;104;154;104;154
91;146;91;151;92;154;94;158;95;161;97;163;100;164;103;165;105;165;107;163;108;161;109;157;109;154;109;150;109;146;109;143;108;139;94;139;95;137;96;134;99;134;100;134;103;134;104;132;105;132;107;132;108;134;102;137;103;140;103;142;103;144;102;148;103;148;104;148;104;147;105;146;96;142;97;140;98;140;99;140;99;141;98;141;104;138;105;137;106;137;107;138;106;138;105;139;101;156;103;154;103;152;104;152;105;151;106;152;106;154;106;154;105;155;105;155;104;156;103;156;102;156;103;154;104;154;105;153;106;154;105;154;104;154;104;154
