82;130;82;135;82;140;82;145;83;150;84;154;85;158;87;161;90;162;93;162;96;162;99;159;101;156;103;151;104;146;104;141;105;136;83;124;84;121;86;121;88;122;89;123;93;123;95;122;98;122;100;124;101;126;90;128;90;131;90;134;89;137;88;141;89;142;90;143;90;143;92;143;85;129;86;128;87;128;89;130;87;130;85;130;94;131;96;129;97;129;99;132;97;132;96;132;86;150;87;148;88;146;89;147;90;146;92;148;94;151;92;153;90;153;89;153;88;153;87;151;87;150;88;148;89;149;90;149;93;151;90;150;89;150;88;150
82;130;82;135;82;140;82;145;83;150;84;154;85;158;87;161;90;163;93;162;96;161;99;159;101;155;103;151;104;145;104;140;105;135;83;124;84;122;86;121;87;122;89;123;93;123;95;122;97;122;99;123;101;126;90;129;90;132;90;134;89;137;88;142;88;143;89;143;90;143;91;143;85;129;85;128;87;128;89;130;87;131;85;131;94;131;95;129;97;129;99;132;97;132;95;132;86;150;87;148;88;147;89;147;90;147;92;148;94;151;92;153;90;154;89;154;88;153;87;152;87;150;88;149;89;149;90;149;93;151;90;150;89;150;88;150
82;130;81;134;82;140;82;145;83;149;84;154;85;158;87;162;90;163;93;163;96;162;99;159;101;156;103;151;103;146;104;140;104;135;83;124;84;122;86;121;87;122;89;123;93;123;95;122;97;122;99;124;101;126;90;129;90;132;90;134;89;137;88;142;88;143;89;143;90;143;92;143;85;129;85;128;87;128;89;130;87;131;85;130;94;131;95;129;97;129;99;132;97;132;95;132;86;150;87;148;88;147;89;147;90;147;92;148;94;151;92;153;90;154;89;154;88;153;87;152;87;150;88;149;89;149;90;149;93;151;90;150;89;150;88;150
82;130;81;134;82;140;82;145;82;149;84;154;85;158;87;161;90;162;93;162;96;161;99;159;101;156;103;151;104;145;104;140;105;134;83;123;84;122;85;121;87;122;89;123;93;123;95;122;97;122;99;123;101;126;90;128;90;131;90;134;89;137;87;141;88;142;89;143;90;143;91;143;85;129;85;128;87;128;88;129;87;130;85;130;94;131;95;129;97;129;99;131;97;132;95;132;86;150;87;148;88;146;89;147;90;147;92;148;94;151;92;153;90;153;89;153;88;153;87;151;87;150;88;148;89;149;90;149;93;151;90;150;89;150;88;149
82;130;82;135;82;140;82;145;83;149;84;154;85;157;87;160;90;162;93;162;96;161;99;159;101;155;103;151;104;145;104;140;105;135;83;123;84;121;85;121;87;121;89;123;93;123;95;122;97;122;99;123;101;126;90;128;90;131;90;133;89;136;87;140;88;141;89;142;90;142;92;141;85;129;85;127;87;128;88;129;87;130;85;130;94;130;95;129;97;129;99;131;97;132;95;131;86;149;87;147;88;145;89;146;90;146;92;148;93;151;92;152;90;152;89;152;88;152;87;151;87;149;88;148;89;148;90;148;92;151;90;149;89;149;88;149
82;130;81;134;82;140;82;145;83;149;84;154;85;158;87;160;90;162;93;161;96;160;99;158;101;155;103;151;104;145;104;140;105;135;83;123;84;121;85;121;87;121;89;122;93;122;95;121;97;121;99;122;101;125;90;127;90;130;90;132;89;135;87;140;88;141;89;141;90;141;92;141;85;129;85;127;87;127;89;129;87;129;85;129;94;129;95;128;97;128;99;130;97;131;95;130;86;148;87;146;88;145;89;145;90;145;92;147;94;150;92;151;90;151;89;151;88;151;87;151;87;148;88;148;89;148;90;148;93;150;90;148;89;148;88;148
82;129;82;134;82;138;82;143;83;148;84;153;85;156;87;159;90;161;93;160;96;159;99;157;101;154;103;150;104;145;105;140;105;134;83;123;84;121;86;120;88;121;89;122;93;121;95;121;97;121;99;122;101;124;90;126;90;129;90;132;89;134;88;140;88;140;89;140;90;140;92;140;85;128;85;126;87;126;89;129;87;129;85;129;94;129;95;127;97;128;99;129;97;130;95;130;86;148;87;145;88;144;89;145;90;145;92;146;94;149;92;151;90;151;89;151;88;151;87;150;87;148;88;147;89;147;90;147;93;149;90;148;89;148;88;148
82;129;81;134;82;138;82;143;83;148;84;152;85;156;87;159;90;160;93;160;96;159;99;157;101;154;103;150;104;145;104;140;105;134;83;123;84;121;86;120;88;120;89;121;93;121;95;120;98;120;99;122;101;124;90;126;90;129;90;131;89;134;88;139;89;140;90;140;90;140;92;140;85;127;86;126;87;126;89;128;87;129;85;129;94;129;96;127;97;127;99;129;97;130;95;129;86;147;87;145;88;143;89;144;90;144;92;145;94;148;92;150;90;150;89;150;88;150;87;149;87;147;88;146;89;146;90;146;93;148;90;147;89;147;88;147
82;129;82;134;82;138;82;143;83;148;84;152;85;156;87;158;90;159;93;159;96;159;99;157;101;154;103;150;104;145;105;140;105;134;83;123;84;120;86;119;88;119;89;121;93;121;95;120;98;120;100;121;101;124;91;126;90;129;90;131;90;133;88;138;89;139;90;139;91;139;92;139;85;127;86;126;87;126;89;128;87;129;86;129;94;129;96;127;98;127;99;129;97;130;96;129;86;147;87;144;88;143;89;143;90;143;92;145;94;148;92;149;90;150;89;150;88;149;87;148;87;147;88;145;89;145;90;145;93;148;90;147;89;147;88;146
82;129;82;134;82;139;82;143;83;148;84;152;85;156;87;158;90;159;93;159;96;159;99;157;101;154;103;150;104;145;105;140;105;134;83;122;85;120;86;119;88;119;89;121;93;121;95;120;98;120;99;121;101;124;90;126;90;129;90;131;89;133;88;138;89;139;90;139;90;139;92;139;85;127;86;126;87;126;89;128;87;129;86;129;94;129;96;127;97;127;99;129;97;129;96;129;86;147;87;144;88;143;89;143;90;143;92;145;94;148;92;149;90;149;89;149;88;149;87;148;87;147;88;145;89;145;90;145;93;148;90;146;89;146;88;146
82;129;82;133;82;138;82;143;83;148;84;151;85;155;87;158;90;159;93;159;96;159;99;157;102;154;103;150;104;145;105;140;105;134;83;122;85;120;86;119;88;120;90;121;93;121;95;120;98;120;100;121;101;124;90;126;90;129;90;131;89;133;88;138;89;139;90;139;91;139;92;139;85;127;86;126;87;126;89;128;87;128;86;129;94;129;96;127;98;127;99;129;97;129;96;129;86;147;87;145;89;143;89;144;90;143;92;145;94;148;92;149;90;150;90;150;88;150;87;148;87;147;89;145;89;146;90;146;93;148;90;147;90;147;89;146
82;129;82;134;82;138;82;143;83;148;84;152;86;156;88;159;90;160;93;160;96;159;99;157;101;154;103;150;104;145;105;140;105;134;84;123;85;121;86;120;88;120;90;121;93;121;95;120;98;121;99;122;101;124;91;126;90;129;90;131;90;134;88;139;89;140;90;140;91;140;92;140;85;128;86;126;87;126;89;128;87;129;86;129;94;129;96;127;98;128;99;129;97;130;96;129;86;148;87;145;89;143;90;144;90;143;92;145;94;149;92;150;90;150;90;150;88;150;87;149;87;148;89;146;90;146;90;146;93;148;90;147;90;147;89;147
82;129;82;134;82;139;82;144;83;149;84;154;85;157;87;160;90;161;93;161;96;159;99;158;101;154;103;151;104;145;104;140;105;134;83;123;85;121;86;120;88;121;89;122;93;122;95;121;97;121;99;122;101;124;90;126;90;129;90;132;89;134;88;140;89;140;90;140;90;140;92;140;85;128;86;126;87;126;89;129;87;129;85;129;94;129;96;128;97;128;99;130;97;131;95;130;86;148;87;145;88;144;89;145;90;144;92;146;94;149;92;151;90;151;89;151;88;151;87;150;87;148;88;147;89;147;90;147;93;149;90;148;90;148;88;148
82;129;82;134;82;140;82;144;83;149;84;154;86;157;88;160;90;162;93;161;96;160;99;158;101;154;103;151;104;145;104;140;105;134;83;123;84;121;86;121;87;121;89;122;93;122;95;121;97;121;99;122;101;125;90;127;90;130;90;132;89;135;88;140;89;141;90;141;90;141;92;140;85;129;85;127;87;127;89;129;87;129;85;129;94;130;95;128;97;129;99;130;97;131;95;131;86;148;87;146;88;145;89;145;90;145;92;147;94;150;92;151;90;151;89;151;88;151;87;151;87;148;88;148;89;148;90;148;93;149;90;148;89;148;88;148
82;130;81;134;82;140;82;145;83;149;84;154;85;157;87;160;90;162;93;162;95;160;99;158;101;155;103;151;104;146;104;140;105;135;83;123;84;121;85;121;87;121;89;122;93;122;95;121;97;121;99;123;101;125;90;128;90;130;90;133;89;136;87;141;88;141;89;142;90;142;91;141;85;129;85;127;87;127;89;129;87;130;85;130;94;130;95;128;97;129;99;130;97;131;95;131;86;149;87;147;88;145;89;145;90;145;92;147;94;150;92;152;90;152;89;152;88;152;87;151;87;149;88;148;89;148;90;148;93;150;90;149;89;149;88;149
82;131;82;135;82;140;82;145;83;149;84;154;85;157;87;160;90;162;92;162;95;161;99;159;101;155;103;151;103;146;104;140;104;135;83;124;84;121;85;121;87;121;89;123;93;123;94;121;97;121;99;123;101;126;90;128;90;131;89;133;89;136;87;141;88;141;89;142;90;142;91;142;84;129;85;127;87;128;88;129;87;130;85;130;94;130;95;129;97;129;98;131;97;132;95;131;86;150;87;147;88;145;89;146;90;146;92;148;93;151;92;152;90;152;89;152;88;152;87;151;87;149;88;148;89;148;90;148;92;150;90;149;89;149;88;149
82;131;82;135;82;140;82;145;83;150;84;154;85;158;87;161;90;162;93;162;96;161;99;159;101;155;103;151;103;145;104;140;105;135;83;124;84;122;85;121;87;121;89;123;93;123;94;121;97;121;99;123;101;126;90;128;90;131;89;134;89;137;87;141;88;142;89;142;90;142;91;142;84;129;85;128;87;128;88;130;87;130;85;130;94;130;95;129;97;129;99;131;97;132;95;131;86;150;87;147;88;145;89;146;90;146;91;148;93;151;91;152;90;153;89;153;88;152;87;151;87;149;88;148;89;148;90;148;92;150;90;149;89;150;88;149
82;131;82;135;82;140;82;145;83;150;84;154;85;158;87;161;90;162;93;162;96;160;99;158;101;155;103;151;103;145;104;140;105;135;83;124;84;122;85;121;87;121;89;123;93;123;94;121;97;122;99;123;101;126;90;128;90;131;89;134;89;137;87;141;88;142;89;142;90;142;91;142;84;129;85;128;87;128;88;129;87;130;85;130;94;130;95;129;97;129;99;131;97;132;95;131;86;150;87;147;88;145;89;146;90;146;91;148;93;151;91;152;90;153;89;153;88;153;87;151;87;150;88;148;89;148;90;148;92;150;90;149;89;150;88;149
82;131;82;135;82;140;82;145;82;149;84;154;85;158;87;161;90;162;93;162;96;161;99;159;101;155;103;151;103;145;104;140;104;134;83;124;84;122;85;121;87;121;89;123;93;123;94;121;97;121;99;123;101;126;90;128;90;131;89;134;89;137;87;141;88;142;89;142;90;142;91;142;84;129;85;128;87;128;88;129;87;130;85;130;94;130;95;129;97;129;98;131;97;132;95;131;86;150;87;147;88;145;89;146;90;146;91;148;93;151;92;152;90;153;89;153;88;152;87;151;87;150;88;148;89;148;90;148;92;150;90;150;89;150;88;149
82;130;81;134;81;140;82;145;83;149;84;154;85;157;87;160;90;162;93;162;95;160;99;159;101;155;103;151;104;146;104;140;105;135;83;123;84;121;85;121;87;121;89;123;93;122;94;121;97;121;99;123;101;125;90;128;90;130;89;133;89;136;87;141;88;141;89;142;90;142;91;141;84;129;85;127;87;127;88;129;87;130;85;130;94;130;95;128;97;129;98;130;97;131;95;131;86;149;87;147;88;145;89;146;90;145;92;147;93;150;91;152;90;152;89;152;88;152;87;151;87;149;88;148;89;148;90;148;92;150;90;149;89;149;88;149
82;130;81;135;82;140;82;145;83;149;84;154;85;157;87;160;90;162;93;161;96;160;99;158;101;154;103;151;104;145;104;140;104;134;83;123;84;121;85;121;87;121;89;123;93;122;95;121;97;121;99;122;100;125;90;127;90;130;90;132;89;135;87;140;88;141;89;141;90;141;92;141;85;129;85;127;87;127;88;129;87;129;85;129;94;129;95;128;97;128;99;130;97;131;95;130;86;149;87;146;88;145;89;145;90;145;92;147;94;150;92;151;90;151;89;151;88;151;87;151;87;149;88;148;89;148;90;148;93;150;90;148;89;148;88;148
82;129;81;134;82;139;82;144;83;149;84;154;85;157;87;160;90;161;93;161;96;159;99;158;101;154;103;151;104;145;105;140;105;134;83;123;84;121;85;121;87;121;89;122;93;121;95;121;97;121;99;122;101;124;90;127;90;129;90;132;89;135;88;140;88;140;89;141;90;140;92;140;85;129;85;127;87;127;88;129;87;129;85;129;94;129;95;128;97;128;99;129;97;130;95;130;86;148;87;146;88;145;89;145;90;145;92;147;94;150;92;151;90;151;89;151;88;151;87;151;87;148;88;147;89;147;90;147;93;149;90;148;89;148;88;148
82;129;82;134;82;140;82;144;83;149;84;154;85;157;87;160;90;161;93;161;96;159;99;158;101;154;103;151;104;145;104;140;105;134;83;123;84;121;86;120;87;121;89;122;93;121;95;120;98;121;99;122;101;124;90;126;90;129;90;132;89;135;88;140;89;140;90;140;91;140;92;140;85;128;85;126;87;126;89;129;87;129;85;129;94;129;96;127;97;128;99;129;97;130;95;130;86;148;87;145;88;144;90;145;90;145;92;146;94;149;92;151;90;151;89;151;88;151;87;150;87;148;89;147;90;147;90;147;93;148;90;148;90;148;88;148
82;129;82;134;82;139;82;143;83;148;84;152;86;156;88;159;90;160;93;160;96;159;99;157;102;154;103;150;104;145;105;140;105;134;83;123;84;121;86;120;88;121;89;121;93;121;95;120;98;121;100;122;101;125;90;126;90;129;90;132;89;134;88;140;89;140;90;140;91;140;92;140;85;128;86;126;87;126;89;129;87;129;86;129;94;129;96;127;98;128;99;129;97;130;96;130;86;148;87;145;89;144;90;145;90;144;92;146;94;149;92;151;90;151;90;151;88;151;87;149;87;148;89;147;90;147;90;147;93;148;90;148;90;148;89;148
82;129;82;134;82;139;82;143;83;148;84;152;86;156;88;159;90;160;93;160;96;159;99;157;101;154;103;150;104;145;105;140;105;134;83;123;84;121;86;120;88;121;89;121;93;121;95;120;98;121;100;122;101;125;90;126;90;129;90;132;90;134;88;139;89;140;90;140;91;140;92;140;85;128;86;126;87;126;89;129;87;129;85;129;94;129;96;127;98;128;99;129;97;130;96;130;86;148;87;145;89;144;90;145;90;144;92;146;94;149;92;150;90;151;90;151;89;151;87;150;87;148;89;146;90;147;90;147;93;148;90;148;90;148;89;148
