77;116;77;121;78;127;79;132;81;136;84;139;87;140;91;141;94;141;98;141;100;139;103;136;103;132;103;126;103;122;103;118;103;114;82;104;84;101;86;99;89;98;92;99;95;99;97;99;99;99;101;101;102;105;94;103;94;105;94;107;95;109;92;116;93;116;94;116;95;117;96;117;85;107;86;104;88;104;90;107;89;107;87;107;96;107;98;105;99;106;100;108;99;108;98;107;90;126;91;123;93;121;94;122;96;121;97;123;99;127;97;127;96;127;94;127;93;126;91;126;90;126;93;123;94;124;96;124;98;126;96;124;94;124;93;123
77;115;77;121;78;126;79;132;81;136;84;139;88;140;91;142;95;142;98;141;101;139;102;136;103;131;103;126;103;121;103;118;102;113;82;104;84;101;86;99;89;98;92;99;95;99;97;99;99;100;101;102;102;105;94;104;94;106;95;107;95;110;92;117;93;117;94;117;95;118;96;118;85;107;87;105;89;104;90;107;89;107;87;107;96;107;98;105;99;106;100;108;99;108;98;107;90;126;92;123;94;122;95;123;96;123;98;124;99;128;98;128;96;128;95;128;94;128;92;127;91;126;94;124;95;125;96;125;98;127;96;125;95;125;94;125
77;116;78;122;78;127;79;132;81;137;84;140;88;142;91;143;95;143;98;143;101;140;103;137;103;132;103;128;103;123;103;118;103;115;82;105;84;101;87;100;90;99;92;100;95;100;98;99;100;100;102;102;102;106;94;104;94;107;95;108;95;110;92;118;94;118;95;118;96;118;97;118;85;107;87;106;89;105;90;107;89;108;87;108;96;108;98;106;99;107;100;109;99;109;98;109;90;128;92;125;94;123;95;123;96;123;98;126;99;129;98;129;96;129;95;129;94;129;92;128;91;127;94;126;95;126;96;126;98;128;96;126;95;126;94;126
77;118;78;123;78;129;80;134;81;138;84;141;88;143;92;144;95;144;99;143;101;141;103;137;103;132;103;128;103;123;103;119;103;115;82;107;84;103;86;101;90;100;92;101;95;101;98;100;100;101;102;103;102;106;94;105;95;107;95;110;96;112;93;119;94;120;95;120;96;120;97;119;85;109;87;107;89;107;90;108;89;109;87;109;96;109;98;107;100;107;101;110;99;110;98;109;90;129;92;126;94;124;95;125;97;125;98;126;99;129;98;130;97;130;95;130;94;130;92;130;91;129;94;127;95;127;96;127;98;129;97;128;95;127;94;127
77;118;77;124;78;130;80;135;81;140;85;143;88;145;92;145;96;145;99;144;101;142;102;138;103;133;103;129;103;123;103;120;103;115;82;107;84;104;86;101;90;101;92;102;95;102;97;101;99;101;101;104;102;107;94;107;94;109;95;111;96;113;93;121;94;121;95;121;96;121;97;121;85;110;87;107;89;107;90;109;89;110;87;110;96;110;98;107;99;108;100;110;99;110;98;110;90;131;92;128;94;126;95;126;97;126;98;128;99;131;98;132;97;132;95;132;94;132;92;131;91;130;94;129;95;129;97;129;98;130;97;129;95;129;94;129
75;118;76;123;76;129;77;134;79;139;82;142;86;143;90;144;94;144;98;143;100;140;101;137;102;132;102;126;102;122;102;118;101;113;80;107;81;103;84;100;87;99;90;101;94;100;96;99;98;99;100;101;101;104;92;104;93;107;93;109;94;112;91;119;92;119;93;119;94;119;95;118;83;108;85;106;87;105;88;107;87;108;85;108;94;107;96;105;98;105;99;107;98;108;96;107;89;129;91;126;93;124;94;124;95;124;97;126;98;129;97;130;95;130;94;130;93;130;91;129;90;129;93;126;94;126;95;126;97;129;95;127;94;127;93;127
75;118;76;123;76;129;78;134;80;139;83;142;86;144;90;145;94;145;98;143;100;140;101;137;102;132;102;126;102;122;101;118;101;113;80;107;81;103;84;101;87;99;90;100;93;100;95;99;98;99;99;101;100;104;92;104;93;107;93;110;94;112;91;119;92;119;93;119;94;119;95;119;83;109;85;107;86;106;88;108;86;108;85;109;94;107;96;105;98;105;99;108;98;108;96;107;89;129;91;126;93;124;94;125;95;124;97;126;98;129;97;130;95;130;94;130;93;130;91;130;90;129;93;126;94;127;95;127;97;129;95;127;94;127;93;127
75;118;76;124;76;129;78;134;80;140;83;143;87;145;90;145;94;145;97;144;99;141;101;137;102;132;102;127;102;122;101;118;101;113;80;108;81;104;84;101;87;100;90;101;93;100;95;99;98;99;99;101;100;105;92;105;92;107;93;110;94;112;90;120;92;120;93;120;94;120;95;120;83;110;85;107;86;107;88;108;86;109;85;110;94;107;96;105;98;106;99;108;98;108;96;108;89;130;90;127;92;125;94;126;95;125;96;127;98;129;96;131;95;131;94;131;93;131;90;131;90;129;92;128;94;128;95;128;97;129;95;128;94;128;93;128
75;119;76;125;76;130;78;136;80;140;83;143;86;145;90;146;94;146;97;145;99;142;101;137;102;133;102;128;102;123;101;118;101;114;80;108;81;104;84;102;87;101;90;101;93;101;95;100;97;100;99;102;100;105;92;106;92;108;93;110;94;113;90;121;92;121;93;121;94;121;95;121;83;110;85;108;86;107;88;109;86;110;85;110;94;108;95;106;97;107;98;109;97;109;95;109;89;131;90;128;92;126;94;126;94;126;96;127;97;130;96;131;95;132;94;132;93;132;91;132;90;131;92;129;94;129;95;129;97;129;95;129;94;129;93;129
75;118;75;124;76;130;77;135;79;140;82;144;86;145;90;147;94;146;97;145;99;142;101;138;102;133;102;127;102;122;101;118;100;113;79;109;81;104;84;102;86;101;90;102;93;101;95;100;97;100;99;102;100;105;91;106;92;109;93;111;93;113;90;121;91;121;93;121;94;121;94;121;83;110;84;108;86;107;88;109;86;110;85;110;94;108;95;107;97;107;98;108;97;109;95;109;88;132;90;129;92;126;93;126;94;126;96;128;97;130;96;132;94;132;94;132;92;132;90;132;89;131;92;129;93;129;94;129;96;130;94;129;93;129;92;129
75;118;75;124;76;129;77;134;80;140;83;143;86;145;90;146;94;145;97;144;99;141;101;137;102;132;102;127;101;122;101;117;100;112;79;109;81;104;83;102;86;101;89;101;92;101;94;100;97;100;99;101;99;104;91;106;92;108;92;110;93;113;90;121;91;121;93;121;94;121;94;121;83;110;84;108;86;107;88;109;86;110;85;110;94;108;95;106;97;106;98;108;97;109;95;108;88;131;90;128;92;126;93;126;94;126;96;127;97;130;96;132;95;132;94;132;92;132;90;132;89;131;92;129;93;129;94;129;96;129;94;129;93;129;92;129
75;119;76;124;76;130;77;135;80;140;83;143;86;145;90;145;94;145;97;143;99;141;101;137;102;132;101;126;101;121;101;117;100;112;79;109;80;104;83;101;86;101;89;101;92;100;94;99;97;99;99;101;99;104;91;105;91;107;92;110;93;112;90;120;91;120;92;120;94;120;94;120;82;110;84;107;85;107;87;108;86;109;84;110;94;107;95;105;97;105;98;107;97;108;95;107;88;130;90;127;92;125;93;126;94;125;96;126;97;129;96;130;94;131;93;131;92;131;90;131;89;129;92;128;93;128;94;128;96;129;94;128;93;128;92;128
75;118;75;123;76;129;77;134;79;139;82;142;85;144;90;145;93;145;97;143;99;140;101;137;102;131;101;126;101;121;101;116;100;112;79;107;80;104;82;101;85;99;88;100;92;100;94;99;96;99;99;100;99;104;90;104;91;107;92;109;92;111;89;119;90;119;92;119;93;119;94;118;82;109;83;107;85;106;87;108;85;108;83;109;93;107;94;104;96;104;98;107;96;107;95;107;87;129;90;126;91;124;93;124;94;124;95;126;97;128;95;129;94;129;93;130;92;130;90;130;88;129;91;126;93;126;94;126;96;128;94;126;93;127;92;127
78;115;79;121;79;126;80;131;82;134;85;137;89;139;92;140;96;140;99;140;102;138;103;135;104;131;104;126;104;122;104;118;104;114;83;105;85;101;87;99;90;99;93;99;96;100;98;99;100;100;102;103;103;106;95;104;95;105;95;107;96;108;93;115;94;115;95;115;96;116;97;116;86;107;88;106;89;105;91;107;90;107;88;107;97;107;99;107;100;107;101;109;100;109;99;108;91;126;93;122;94;121;95;121;97;121;99;123;99;126;98;127;97;126;95;126;94;126;93;126;92;125;94;123;95;123;97;123;99;126;97;123;95;123;94;123
