38;132;38;139;38;145;38;151;39;156;41;162;44;166;48;168;52;170;56;169;59;166;62;162;63;157;65;153;65;148;66;143;67;137;42;123;44;121;47;119;50;120;53;122;57;122;59;121;62;122;63;123;64;126;54;128;54;131;54;134;54;137;50;143;52;145;53;145;54;145;56;144;45;129;47;126;49;127;50;130;48;130;46;129;57;131;59;129;61;129;62;132;61;132;59;132;47;154;49;151;52;150;53;151;54;151;56;152;58;155;56;156;54;156;53;157;51;156;49;156;48;154;52;153;53;153;54;153;57;154;54;154;53;154;51;154
38;133;38;139;38;145;38;151;40;157;41;162;45;166;48;169;52;170;56;169;59;166;62;162;63;157;65;153;66;148;66;143;67;138;42;123;44;121;47;119;50;120;53;122;57;122;59;121;62;122;63;124;64;127;54;128;54;131;54;134;54;137;51;144;52;145;53;145;54;145;55;145;45;129;46;126;49;127;50;130;48;130;46;129;57;131;59;129;61;129;62;132;61;132;59;132;47;154;49;151;52;150;53;151;54;151;56;152;58;155;56;156;54;156;53;157;51;156;49;156;48;154;52;153;53;153;54;153;57;154;54;154;53;154;51;154
38;133;38;139;38;145;38;151;39;156;41;162;44;165;48;168;52;170;56;169;59;166;61;162;63;158;64;153;65;148;66;143;67;138;42;123;45;121;47;119;50;119;53;121;57;122;59;121;62;122;63;123;64;127;54;128;54;131;54;134;54;137;51;143;52;144;53;145;54;145;55;144;45;129;46;126;49;126;50;129;48;130;46;129;57;131;59;129;61;129;62;132;61;132;59;132;47;154;49;151;52;150;53;150;54;150;56;151;58;154;56;156;54;156;53;156;51;156;49;156;48;153;52;152;53;152;54;152;57;154;54;154;53;154;52;154
38;132;38;139;38;145;38;151;40;156;42;162;45;165;48;168;52;169;56;168;59;165;62;162;63;157;65;153;66;148;67;143;67;138;42;123;45;121;47;119;50;119;53;121;57;122;59;121;62;121;64;123;65;127;54;128;54;131;54;134;54;137;51;143;52;144;54;145;55;145;56;144;45;128;47;126;49;126;50;129;49;129;47;129;58;131;59;129;61;129;63;132;61;132;59;132;47;154;50;151;52;150;53;150;54;150;56;151;58;154;56;156;54;156;53;156;51;156;49;156;48;153;52;152;53;152;54;152;57;154;54;154;53;154;52;154
38;132;38;139;38;145;39;151;40;157;42;162;45;166;49;168;53;170;57;169;59;165;62;162;64;157;65;153;66;148;67;143;67;137;43;123;45;121;48;119;50;120;53;121;58;122;60;121;62;122;64;123;65;126;55;128;55;131;55;134;54;137;52;143;53;144;54;145;55;144;56;144;45;129;47;126;49;126;51;129;49;130;47;129;58;131;59;129;61;129;63;131;61;132;59;132;48;153;50;151;53;150;54;151;55;150;57;151;58;154;56;156;55;156;54;157;52;156;50;156;49;153;53;152;54;152;55;152;57;154;55;154;54;154;53;154
38;132;38;139;38;145;39;151;40;157;42;162;45;165;49;168;53;169;57;168;60;165;63;161;65;157;66;152;67;147;67;142;68;137;43;123;45;121;48;119;51;120;54;121;58;122;60;121;63;122;64;123;66;126;55;128;55;131;55;134;55;137;52;143;54;144;54;144;56;144;57;144;46;128;48;126;49;126;51;129;49;129;47;129;58;130;60;128;62;129;63;131;62;132;60;131;49;154;51;151;53;150;54;150;55;150;57;151;58;154;57;156;55;156;54;156;53;156;51;156;49;153;53;152;54;152;55;152;58;154;55;154;54;154;53;154
38;132;38;139;39;145;39;152;40;157;43;162;46;166;50;168;54;169;58;168;60;165;63;161;64;156;66;152;67;147;67;142;67;137;43;123;45;121;48;119;51;119;54;121;58;122;60;121;63;121;64;123;66;126;55;127;55;131;55;134;55;137;52;143;54;144;55;145;56;144;57;143;46;129;48;126;49;126;51;129;49;129;47;129;58;130;60;128;62;129;63;131;62;132;60;131;49;154;51;151;54;150;55;150;56;150;58;151;59;154;58;156;56;156;54;156;53;156;51;156;50;153;54;152;55;152;56;152;58;154;56;154;54;154;53;154
38;133;38;140;38;145;39;152;40;158;43;162;46;166;50;168;54;169;58;168;60;165;63;161;64;156;66;152;67;147;67;142;67;137;43;123;45;121;48;119;51;119;54;121;58;122;60;121;62;121;64;123;65;126;55;127;55;131;55;134;55;137;52;143;54;144;55;144;56;144;57;143;46;128;48;126;49;126;51;129;49;129;47;129;58;130;60;128;62;128;63;131;62;132;60;131;49;154;51;151;53;149;54;150;56;149;58;151;59;154;57;156;56;156;54;156;53;156;51;156;50;153;53;152;54;152;56;152;58;154;56;154;54;154;53;154
38;132;38;139;38;145;39;152;40;158;43;162;46;166;50;169;54;169;58;168;60;165;63;161;65;157;66;152;67;147;67;142;68;137;43;123;45;121;48;119;51;119;54;121;58;122;60;121;62;121;64;123;66;126;55;127;55;130;55;134;55;137;52;143;54;143;55;144;56;144;57;143;46;128;47;126;49;126;51;129;49;129;47;129;58;130;60;128;62;128;63;131;62;131;60;131;49;153;51;151;53;149;54;150;56;149;57;151;58;154;57;156;55;156;54;157;53;156;51;156;50;153;53;152;54;152;55;152;58;154;55;154;54;154;53;154
38;132;38;138;38;145;39;151;40;157;43;162;46;166;49;169;54;170;58;168;60;165;63;161;65;156;66;151;67;146;67;141;67;136;43;123;45;121;48;119;51;119;54;121;58;121;60;121;63;121;64;123;66;126;55;127;55;131;55;134;55;137;52;143;53;143;54;144;56;144;57;143;46;128;47;126;49;126;51;129;49;129;47;129;58;130;60;128;62;128;63;131;62;132;60;131;49;153;51;151;53;149;54;150;56;149;57;151;58;154;57;156;55;156;54;157;53;156;51;156;50;153;53;151;54;152;55;151;58;154;55;154;54;154;53;154
